0.9830731
0.9346327
0.00022825916
8.2676925e-05
0.98887175
6.36348e-05
0.90947914
0.97809577
0.91602093
9.0608075e-05
0.965137
0.9133112
0.9594553
0.00037926133
0.92940646
0.92130667
0.963974
0.92691517
0.00013012801
0.8555659
0.97528017
0.93682414
0.96756524
0.0002474172
0.9174281
0.98934096
2.1775734e-06
0.9531153
0.9921314
0.0017444418
0.0060333884
0.9676485
0.9407186
0.9402864
0.00015614624
0.96464455
0.0444021
0.97481346
0.8896001
0.9591713
1.232029e-06
0.9175291
0.9925135
0.8232909
0.9295693
0.00047035268
0.00014944172
0.06772158
0.0016522444
0.9871083
0.47963303
0.05057628
0.36384106
0.97601956
0.0028359608
0.8651452
0.0001756777
0.84656036
0.9264516
0.50772387
2.35581e-05
0.0036095188
0.9430712
0.9575998
0.00021926068
0.9915485
0.9731041
0.9220798
0.88782346
0.87454903
0.87595147
5.766904e-05
0.0043864627
0.99684346
0.9064256
0.97948784
0.89274347
0.9457183
0.0003976743
0.9533675
0.91656125
0.0214497
8.904679e-06
0.00022331957
0.12056314
0.00010134312
0.9640145
0.22415023
0.00017453393
0.9179927
0.9365842
0.00027406274
0.9698238
0.83545274
6.4867476e-05
0.0005832785
0.9677787
0.00038277064
0.95018667
0.06307781
0.9307655
0.019800646
0.9519386
0.9226871
0.98166704
0.0021366568
0.9734428
0.7848196
0.86016256
0.93197024
0.9620495
0.00026816953
0.96744746
0.9570821
0.92364126
0.00074539136
0.0038719228
0.9355718
0.012808021
0.91458917
0.96605563
0.023524774
0.9172654
0.00046106608
0.87900305
0.4999627
0.8449458
0.029324386
0.00031797527
0.0002635595
0.9685329
0.0004604364
0.8012509
0.023421587
0.3622396
1.4223091e-05
0.037681554
0.94276863
0.003975789
0.8585349
0.8704204
0.0003280179
0.62089264
0.0002615347
0.5573866
0.017902749
0.0005153566
0.9130075
0.9512279
0.96798897
0.9415838
0.9919579
0.95658404
0.82920414
0.45866436
0.825867
0.96059597
0.9645395
0.00013670958
0.94609934
0.8594731
0.04437816
0.14724879
0.9639337
0.9314672
0.0001942592
0.9756369
0.00028755376
0.00021281952
0.90868163
0.94132537
0.90408665
0.8657697
0.943144
0.95049566
0.84098285
0.95113355
0.986328
3.41175e-05
0.00040672228
0.014013131
0.84694034
0.9359647
0.9819073
0.9274941
0.909961
0.0004883651
8.3337276e-05
0.56765044
0.92466235
0.87717247
0.9679905
0.97243935
0.0012234771
0.92830926
0.00013079426
0.00015394608
0.267741
0.968634
0.5597306
0.07073078
0.9220573
0.92852813
0.8412542
0.008391825
6.494724e-05
0.027897073
0.00017566943
0.94156986
0.00013800034
0.9340827
0.9326968
6.4338834e-05
0.9783433
7.142983e-05
0.0046153576
0.04499932
0.9783996
0.0005279974
1.7310013e-07
0.019454041
0.00049964
0.03324777
0.9065784
0.1361228
1.8010503e-05
0.98169494
0.020257328
0.72579634
0.9489375
0.9157424
0.00024716725
0.96825165
0.969885
0.9057458
0.9236607
0.94409746
0.00021115024
0.9795547
0.00042192545
0.00047631917
0.9315631
0.9688436
0.9147532
0.8526136
0.9682556
0.8880401
0.001450917
0.9618901
0.98765904
0.0014341973
0.9367624
0.0019753904
0.99966455
0.9498233
0.9770955
3.800936e-05
0.8462853
0.73584455
0.9265183
0.06554909
0.9490821
0.80397856
0.96533006
4.4235315e-07
0.9106661
0.92387515
0.00039703178
0.005572767
0.9674028
0.9745127
0.008820037
0.9585783
0.9216853
0.80411446
0.9603736
0.9651011
0.9321061
0.98235404
0.8515219
0.9501868
2.061805e-05
0.9816789
7.423144e-05
0.9884559
7.528813e-05
0.83938086
0.96050787
0.9480845
0.9704908
0.9916558
0.06339755
0.9403838
0.9782106
0.6470846
0.050687738
0.9570706
0.9808518
0.96217555
0.73073715
0.9552808
0.98416346
0.9644914
0.0060253837
0.2587731
0.9629439
0.00038721267
0.93236125
0.9692783
0.9624497
0.26659524
0.93412906
0.00017710778
0.0012795232
0.9573916
0.9757909
0.017659083
0.00029106525
0.9348409
0.9834584
0.9153379
0.0025359944
0.9666228
0.0008095983
0.9221209
0.07908711
0.94892275
0.9452582
0.9663957
0.9572645
9.367438e-05
0.95659727
0.9655799
0.00054634036
0.9660147
0.57446545
0.015623793
0.9807653
0.9680425
0.9876473
0.98178643
0.00032810745
0.11993268
0.00037824633
0.00019704581
0.989636
2.2138656e-05
0.0011068832
0.00023591415
0.00055703503
0.89926577
0.14744098
0.96566385
0.98686314
0.7852337
0.0028915
0.91477144
0.9920913
0.0148988
0.8789277
0.9419465
0.9300088
0.031290323
0.04345774
0.94056106
0.101464696
0.00049054326
0.29312846
0.0015890049
0.8990226
0.9795027
0.96139467
0.9154907
0.9382776
0.72140723
0.95032024
0.95146465
0.26545838
0.9636337
0.95748615
1.4640777e-05
0.00018791275
2.7718997e-05
0.9775283
0.00013250437
0.0014232675
0.9960157
0.9621862
0.8937548
0.00013010502
0.004721921
0.9088659
0.95144725
0.00041986874
0.9698411
0.00057883485
0.9383648
3.232862e-05
0.93403983
0.00015956024
0.9199601
0.9614889
0.9829305
0.92298967
0.00020086237
0.00037757808
0.00013033515
0.96125585
0.008603574
0.96782225
0.00027698342
0.07638859
0.9527254
0.95473605
0.91802293
0.948811
0.92854047
0.9385075
0.84790266
0.9725838
0.34489378
0.32296348
0.75580716
0.9738062
0.99711335
0.9497226
0.9401665
0.00014545151
0.96281683
0.92792046
0.00020664038
0.95628524
0.00020822122
0.9869358
0.011391383
0.110171884
0.9395798
1.1912853e-05
0.0047331997
0.93003607
0.8423082
0.97051126
0.07266805
0.93506944
0.0007363967
6.5978944e-05
0.04293006
0.0001781874
0.9312489
0.95946467
0.92707485
0.00011299554
0.9478062
0.70484334
0.97683
0.0004709208
0.9449675
0.9705518
0.9274631
0.7422483
0.0023020122
0.825919
0.93009555
0.0013768764
0.99844825
0.9066128
0.91363215
0.0011734327
0.9626863
0.957104
0.9867895
0.9730304
0.0003057156
0.944812
0.8082922
7.66031e-05
0.93483716
0.88293415
0.9113302
0.9926277
0.9329444
0.00021611934
0.007270372
0.03316975
0.25413713
0.00015935543
0.00012618708
0.7092273
0.22249508
0.9937981
0.9895
0.91416216
0.0035542294
0.99700886
0.96497005
0.9844919
0.00026306653
0.1183921
0.833413
0.9162354
0.6803124
0.9628311
7.644326e-06
0.0018845923
0.033264775
0.9688917
5.682785e-05
0.9415591
0.04494083
0.030195547
0.0081919385
0.0012548043
0.85940945
0.9658503
0.9520831
0.9657847
0.31462097
0.00016840431
0.9675451
0.30176023
0.09519675
0.9317224
0.759941
0.9418445
0.7765628
0.0026774392
0.95083827
0.945824
0.95540375
0.0003138147
0.00050336414
0.0010974813
0.92308784
0.9332527
0.946583
0.00055573357
0.9565523
0.00057829544
0.9160422
0.97979045
0.00038126917
0.97347724
0.000281527
0.9717149
0.00023336896
0.044505186
0.94781935
0.8904555
0.96788543
0.9530414
0.9047073
0.9523288
0.9568443
0.0052993386
0.3032193
0.960102
9.77151e-05
0.9853174
0.0045305085
0.9307083
0.9813495
0.9882812
0.00014229334
0.0034891984
0.9621262
0.00033673513
0.10684725
0.9820349
0.55550593
0.78466207
0.00015979643
0.9560076
0.92048067
0.00013730144
0.94855416
0.6509104
0.96553993
0.94834185
0.9168049
0.00040561828
0.9567854
0.46723112
0.00018854662
9.4304e-05
0.00071090297
0.948375
4.0017225e-05
0.95702505
0.93103206
0.15924275
0.5750886
0.9453491
0.65551007
0.9810449
8.361942e-05
0.005209053
0.004653866
0.00092464185
0.9911857
0.9869615
0.78024685
0.00023971964
0.00028806648
0.00030659494
0.91730255
0.07013605
0.93814194
0.00032525568
0.9310404
0.90916973
0.0007162455
0.89880383
3.8824437e-05
0.78302276
4.858893e-05
0.9735686
0.94372976
0.97745675
0.961083
0.54819584
0.89182687
0.8635952
0.0001735119
5.4862547e-05
0.91969186
0.80772746
0.9576289
0.95124704
0.42216408
0.002716581
0.94269687
0.9549141
0.10454094
0.9900266
0.009070205
0.00020171385
0.94771504
0.66565466
0.9491725
0.98072386
2.5433328e-05
0.9076569
0.92781395
0.008163603
0.94750345
0.81484663
0.9776469
0.0036906837
0.90107167
0.6791691
0.00014341649
0.7317824
0.37308952
8.198006e-05
0.9252189
0.9109716
0.0058410224
0.8110095
0.0018544421
0.90104383
0.97641784
0.5052135
0.047560778
0.36181605
0.39480117
0.9443017
0.93312085
0.9133833
8.070989e-05
0.0001800262
0.0002993194
2.0476517e-05
0.4433718
0.9461317
0.96621066
0.89400935
0.036688685
0.3703467
0.40101966
0.9450642
0.9629655
0.9643202
0.9361243
0.964485
0.00036527982
0.82261854
0.059796352
0.000223154
0.960326
0.80248386
0.89522237
1.8610284e-05
0.014398927
0.91713715
0.00016797616
0.00029933586
0.0037327642
0.9553433
0.96708727
0.8858485
0.9283655
0.009196731
